State,County,"Total_law","Total
officers","Total
civilians"
ALABAMA-Metropolitan Counties,Autauga,43,32,11
,Baldwin,319,135,184
,Bibb,12,11,1
,Blount,48,44,4
,Colbert,57,31,26
,Etowah,178,67,111
,Geneva,25,12,13
,Greene,33,13,20
,Hale,31,11,20
,Henry,19,15,4
,Houston,171,72,99
,Jefferson,690,530,160
,Lauderdale,74,51,23
,Lawrence,59,26,33
,Lee,170,81,89
,Limestone,120,48,72
,Lowndes,42,17,25
,Madison,339,131,208
,Mobile,552,180,372
,Montgomery,175,127,48
,Morgan,182,55,127
,Pickens,35,10,25
,Russell,117,39,78
,Shelby,221,131,90
,St. Clair,108,51,57
,Tuscaloosa,204,105,99
,Washington,22,10,12
ALABAMA-Nonmetropolitan Counties,Barbour,58,26,32
,Bullock,13,6,7
,Butler,18,15,3
,Clarke,47,14,33
,Clay,27,11,16
,Cleburne,28,10,18
,Coffee,60,29,31
,Conecuh,38,11,27
,Coosa,23,10,13
,Escambia,89,33,56
,Jackson,81,35,46
,Macon,28,16,12
,Marengo,25,10,15
,Marion,31,15,16
,Marshall,74,38,36
,Monroe,51,18,33
,Perry,19,7,12
,Pike,35,21,14
,Randolph,35,16,19
,Sumter,25,8,17
,Talladega,95,42,53
,Tallapoosa,55,23,32
,Walker,76,32,44
,Wilcox,22,10,12
,Winston,29,10,19
ARIZONA-Metropolitan Counties,Cochise,180,86,94
,Coconino,239,61,178
,Maricopa,"3,443",670,"2,773"
,Mohave,246,83,163
,Pima,"1,417",478,939
,Pinal,479,207,272
,Yavapai,193,120,73
,Yuma,331,82,249
ARIZONA-Nonmetropolitan Counties,Apache,72,25,47
,Gila,130,51,79
,Graham,82,23,59
,Greenlee,42,16,26
,La Paz,90,38,52
,Navajo,135,47,88
,Santa Cruz,83,35,48
ARKANSAS-Metropolitan Counties,Benton,241,163,78
,Cleveland,12,8,4
,Craighead,113,40,73
,Crawford,78,35,43
,Crittenden,144,39,105
,Faulkner,163,50,113
,Franklin,25,12,13
,Garland,181,54,127
,Grant,18,16,2
,Jefferson,102,48,54
,Lincoln,26,11,15
,Little River,34,15,19
,Lonoke,69,35,34
,Madison,21,19,2
,Miller,36,25,11
,Perry,24,12,12
,Poinsett,44,16,28
,Pulaski,534,410,124
,Saline,107,57,50
,Sebastian,147,45,102
,Washington,303,156,147
ARKANSAS-Nonmetropolitan Counties,Arkansas,11,11,0
,Ashley,22,19,3
,Baxter,60,33,27
,Boone,56,26,30
,Bradley,7,5,2
,Calhoun,12,6,6
,Carroll,64,20,44
,Chicot,8,7,1
,Clark,33,17,16
,Clay,20,10,10
,Cleburne,49,26,23
,Columbia,42,22,20
,Conway,44,21,23
,Cross,40,18,22
,Dallas,28,9,19
,Desha,8,7,1
,Drew,15,14,1
,Fulton,18,7,11
,Greene,26,23,3
,Hempstead,58,25,33
,Hot Spring,34,19,15
,Howard,24,11,13
,Independence,41,37,4
,Izard,37,22,15
,Jackson,32,14,18
,Johnson,35,12,23
,Lafayette,27,9,18
,Lawrence,37,16,21
,Lee,10,5,5
,Logan,46,14,32
,Marion,22,20,2
,Mississippi,94,42,52
,Monroe,14,6,8
,Montgomery,24,11,13
,Nevada,30,6,24
,Newton,21,12,9
,Ouachita,48,17,31
,Phillips,20,14,6
,Pike,24,19,5
,Polk,29,16,13
,Pope,88,35,53
,Prairie,31,9,22
,Randolph,25,12,13
,Scott,28,9,19
,Searcy,18,7,11
,Sevier,35,30,5
,Sharp,26,14,12
,St. Francis,42,19,23
,Stone,25,12,13
,Union,66,30,36
,Van Buren,37,21,16
,White,104,53,51
,Woodruff,11,7,4
,Yell,29,16,13
CALIFORNIA-Metropolitan Counties,Alameda,"1,496",950,546
,Butte,252,101,151
,Contra Costa,928,612,316
,El Dorado,344,154,190
,Fresno,"1,182",414,768
,Imperial,272,187,85
,Kern,"1,155",779,376
,Kings,289,85,204
,Los Angeles,"15,930","9,565","6,365"
,Madera,121,86,35
,Marin,298,194,104
,Merced,255,122,133
,Monterey,430,295,135
,Napa,134,100,34
,Orange,"3,723","1,888","1,835"
,Placer,534,248,286
,Riverside,"3,750","1,788","1,962"
,Sacramento,"1,992","1,348",644
,San Benito,59,23,36
,San Bernardino,"3,342","1,927","1,415"
,San Diego,"4,344","2,601","1,743"
,San Francisco,"1,044",857,187
,San Joaquin,737,293,444
,San Luis Obispo,418,303,115
,San Mateo,746,334,412
,Santa Barbara,674,477,197
,Santa Clara,"1,716","1,316",400
,Santa Cruz,334,148,186
,Shasta,198,138,60
,Solano,512,122,390
,Sonoma,581,223,358
,Stanislaus,706,527,179
,Sutter,128,105,23
,Tulare,791,563,228
,Ventura,"1,231",761,470
,Yolo,262,84,178
,Yuba,163,126,37
CALIFORNIA-Nonmetropolitan Counties,Alpine,16,13,3
,Amador,94,49,45
,Calaveras,113,58,55
,Colusa,59,40,19
,Del Norte,52,21,31
,Glenn,73,33,40
,Humboldt,245,187,58
,Inyo,78,38,40
,Lake,122,91,31
,Lassen,80,58,22
,Mariposa,78,62,16
,Mendocino,202,131,71
,Modoc,30,20,10
,Mono,41,20,21
,Nevada,152,59,93
,Plumas,66,36,30
,Sierra,12,6,6
,Siskiyou,103,81,22
,Tehama,107,73,34
,Trinity,50,36,14
,Tuolumne,131,60,71
COLORADO-Metropolitan Counties,Adams,583,400,183
,Arapahoe,568,243,325
,Boulder,396,108,288
,Clear Creek,67,25,42
,Douglas,522,351,171
,Elbert,45,36,9
,El Paso,842,525,317
,Gilpin,58,35,23
,Jefferson,761,532,229
,Larimer,408,276,132
,Mesa,232,131,101
,Park,55,30,25
,Teller,75,47,28
,Weld,405,129,276
COLORADO-Nonmetropolitan Counties,Alamosa,46,23,23
,Archuleta,39,17,22
,Baca,13,5,8
,Bent,30,13,17
,Chaffee,58,21,37
,Cheyenne,10,6,4
,Conejos,32,12,20
,Costilla,14,8,6
,Crowley,15,8,7
,Custer,17,11,6
,Delta,65,36,29
,Dolores,9,5,4
,Eagle,82,46,36
,Garfield,128,96,32
,Grand,51,24,27
,Gunnison,29,14,15
,Hinsdale,4,3,1
,Huerfano,40,19,21
,Jackson,12,5,7
,Kiowa,8,5,3
,Kit Carson,29,6,23
,Lake,21,7,14
,La Plata,116,91,25
,Las Animas,32,12,20
,Lincoln,26,10,16
,Logan,45,20,25
,Mineral,7,4,3
,Moffat,38,18,20
,Montezuma,67,27,40
,Montrose,86,48,38
,Morgan,48,43,5
,Otero,23,22,1
,Ouray,8,8,0
,Phillips,4,4,0
,Pitkin,55,22,33
,Prowers,29,10,19
,Rio Blanco,27,13,14
,Rio Grande,43,17,26
,Routt,52,23,29
,Saguache,17,10,7
,San Juan,2,2,0
,San Miguel,32,12,20
,Sedgwick,3,2,1
,Summit,74,53,21
,Washington,31,10,21
,Yuma,21,7,14
DELAWARE-Metropolitan Counties,New Castle County Police Department,463,387,76
FLORIDA-Metropolitan Counties,Alachua,378,268,110
,Baker,63,44,19
,Bay,273,208,65
,Brevard,"1,282",558,724
,Broward,"1,329",390,939
,Charlotte,448,309,139
,Citrus,328,205,123
,Clay,579,277,302
,Collier,904,570,334
,Escambia,655,417,238
,Flagler,289,212,77
,Gadsden,67,44,23
,Gilchrist,66,49,17
,Hernando,557,252,305
,Highlands,342,147,195
,Hillsborough,"3,313","1,245","2,068"
,Indian River,479,190,289
,Jefferson,59,26,33
,Lake,703,463,240
,Lee,"1,504","1,030",474
,Leon,715,271,444
,Levy,151,115,36
,Manatee,"1,147",753,394
,Marion,778,545,233
,Martin,387,260,127
,Miami-Dade,"4,068","2,953","1,115"
,Nassau,257,140,117
,Okaloosa,444,323,121
,Orange,"2,264","1,581",683
,Osceola,637,411,226
,Palm Beach,"3,623","1,644","1,979"
,Pinellas,"2,385",827,"1,558"
,Polk,"1,170",652,518
,Santa Rosa,439,220,219
,Sarasota,974,414,560
,Seminole,"1,236",437,799
,St. Johns,695,333,362
,St. Lucie,741,316,425
,Volusia,734,424,310
,Wakulla,141,56,85
,Walton,534,263,271
FLORIDA-Nonmetropolitan Counties,Bradford,88,41,47
,Calhoun,33,25,8
,Columbia,201,153,48
,DeSoto,115,56,59
,Glades,130,32,98
,Gulf,46,32,14
,Hamilton,60,19,41
,Hardee,105,76,29
,Hendry,162,86,76
,Jackson,74,49,25
,Lafayette,34,13,21
,Liberty,32,25,7
,Madison,81,64,17
,Monroe,508,196,312
,Putnam,212,120,92
,Taylor,80,55,25
,Washington,82,42,40
GEORGIA-Metropolitan Counties,Bartow,227,186,41
,Bibb,495,408,87
,Brooks,45,24,21
,Bryan,63,42,21
,Burke,120,76,44
,Carroll,194,113,81
,Catoosa,120,72,48
,Chatham County Police Department,144,125,19
,Cherokee,358,282,76
,Clayton County Police Department,480,347,133
,Cobb,737,438,299
,Cobb County Police Department,697,628,69
,Columbia,338,276,62
,Coweta,267,166,101
,Dawson,113,71,42
,DeKalb,670,462,208
,DeKalb County Police Department,946,693,253
,Dougherty,234,211,23
,Dougherty County Police Department,38,28,10
,Douglas,337,298,39
,Echols,9,8,1
,Effingham,156,80,76
,Fayette,201,133,68
,Floyd,173,84,89
,Floyd County Police Department,81,76,5
,Forsyth,441,360,81
,Fulton,913,701,212
,Fulton County Police Department,77,49,28
,Glynn County Police Department,120,114,6
,Gwinnett County Police Department,"1,007",764,243
,Hall,431,293,138
,Haralson,77,75,2
,Harris,81,79,2
,Heard,36,22,14
,Henry,313,256,57
,Henry County Police Department,259,217,42
,Houston,335,133,202
,Jasper,44,29,15
,Jones,78,39,39
,Lamar,62,35,27
,Lanier,21,18,3
,Long,30,28,2
,Madison,95,52,43
,Marion,14,6,8
,McIntosh,80,52,28
,Meriwether,49,27,22
,Murray,72,45,27
,Newton,290,168,122
,Oconee,96,62,34
,Paulding,265,226,39
,Peach,60,30,30
,Pike,51,28,23
,Rockdale,270,246,24
,Spalding,176,95,81
,Walton,206,188,18
,Worth,42,27,15
GEORGIA-Nonmetropolitan Counties,Appling,68,29,39
,Bacon,29,11,18
,Baker,9,8,1
,Baldwin,119,59,60
,Banks,64,46,18
,Berrien,49,26,23
,Bleckley,43,17,26
,Candler,29,18,11
,Charlton,30,18,12
,Chattooga,46,28,18
,Clay,7,6,1
,Clinch,15,12,3
,Coffee,125,55,70
,Cook,52,28,24
,Crisp,99,59,40
,Decatur,63,49,14
,Dodge,56,23,33
,Dooly,75,37,38
,Early,39,18,21
,Elbert,62,33,29
,Fannin,56,40,16
,Franklin,57,36,21
,Gilmer,107,61,46
,Gordon,122,82,40
,Grady,23,19,4
,Habersham,87,52,35
,Hancock,46,26,20
,Hart,32,27,5
,Irwin,23,15,8
,Jackson,112,98,14
,Jefferson,50,47,3
,Laurens,108,67,41
,Montgomery,21,11,10
,Pierce,53,21,32
,Screven,22,8,14
,Sumter,98,74,24
,Taylor,22,11,11
,Tift,103,51,52
,Towns,38,19,19
,Treutlen,20,8,12
,Union,46,41,5
,Webster,7,7,0
,Wilkinson,28,15,13
HAWAII-Metropolitan Counties,Maui Police Department,433,334,99
HAWAII-Nonmetropolitan Counties,Hawaii Police Department,564,434,130
,Kauai Police Department,186,132,54
IDAHO-Metropolitan Counties,Ada,720,167,553
,Bannock,125,42,83
,Boise,23,13,10
,Bonneville,191,71,120
,Butte,14,4,10
,Canyon,282,70,212
,Franklin,15,10,5
,Gem,34,13,21
,Jefferson,60,22,38
,Jerome,55,22,33
,Kootenai,297,97,200
,Nez Perce,77,22,55
,Owyhee,28,12,16
,Power,26,10,16
,Twin Falls,118,45,73
IDAHO-Nonmetropolitan Counties,Adams,24,8,16
,Bear Lake,14,8,6
,Benewah,28,10,18
,Bingham,85,37,48
,Blaine,64,50,14
,Bonner,99,41,58
,Boundary,27,8,19
,Camas,6,4,2
,Caribou,26,9,17
,Cassia,78,33,45
,Clark,7,3,4
,Clearwater,32,15,17
,Custer,17,9,8
,Elmore,68,22,46
,Fremont,38,21,17
,Gooding,34,16,18
,Idaho,38,18,20
,Latah,53,29,24
,Lemhi,23,7,16
,Lewis,16,8,8
,Lincoln,12,9,3
,Madison,62,23,39
,Minidoka,32,21,11
,Oneida,14,9,5
,Payette,49,18,31
,Shoshone,37,15,22
,Teton,20,11,9
,Valley,41,17,24
,Washington,35,14,21
ILLINOIS-Metropolitan Counties,Alexander,13,7,6
,Bond,23,12,11
,Champaign,154,66,88
,Cook,"5,418","1,849","3,569"
,DuPage,486,391,95
,Fulton,42,20,22
,Grundy,45,30,15
,Henry,65,22,43
,Jackson,86,32,54
,Kane,122,87,35
,Kankakee,191,49,142
,Kendall,118,60,58
,Lake,227,162,65
,Macon,151,48,103
,Macoupin,49,19,30
,Madison,167,85,82
,Marshall,17,8,9
,McHenry,346,98,248
,McLean,130,51,79
,Mercer,30,12,18
,Piatt,36,14,22
,Rock Island,154,65,89
,Sangamon,204,77,127
,Tazewell,60,41,19
,Vermilion,97,41,56
,Will,596,238,358
,Winnebago,331,116,215
ILLINOIS-Nonmetropolitan Counties,Brown,8,7,1
,Cass,8,7,1
,Clay,18,12,6
,Coles,29,21,8
,Crawford,24,17,7
,Cumberland,15,5,10
,Douglas,25,12,13
,Edgar,6,6,0
,Effingham,46,20,26
,Fayette,17,11,6
,Ford,26,20,6
,Franklin,40,16,24
,Gallatin,4,4,0
,Greene,6,6,0
,Hancock,23,11,12
,Iroquois,15,13,2
,Jasper,15,7,8
,Jefferson,61,20,41
,Jo Daviess,38,18,20
,Livingston,66,30,36
,Logan,26,23,3
,Mason,22,9,13
,McDonough,24,14,10
,Montgomery,31,13,18
,Perry,21,6,15
,Pike,30,13,17
,Putnam,13,8,5
,Scott,7,3,4
,Shelby,28,14,14
,Stephenson,38,28,10
,Wabash,12,5,7
,Wayne,21,9,12
,Whiteside,63,20,43
INDIANA-Metropolitan Counties,Bartholomew,105,43,62
,Brown,44,16,28
,Franklin,11,11,0
,Hancock,82,41,41
,Howard,148,35,113
,Johnson,139,123,16
,Lake,441,157,284
,La Porte,159,68,91
,Madison,101,46,55
,Monroe,60,46,14
,Porter,75,66,9
,Shelby,98,33,65
,St. Joseph,284,116,168
INDIANA-Nonmetropolitan Counties,Clinton,58,20,38
,Gibson,46,16,30
,Greene,60,20,40
,Jackson,74,17,57
,Jay,47,13,34
,Jennings,20,17,3
,Knox,64,28,36
,Kosciusko,100,32,68
,Montgomery,71,25,46
,Noble,74,48,26
,Starke,36,13,23
,Steuben,53,23,30
,Wells,16,16,0
,White,45,16,29
IOWA-Metropolitan Counties,Benton,35,14,21
,Black Hawk,123,74,49
,Boone,31,13,18
,Bremer,38,13,25
,Dallas,72,29,43
,Dubuque,91,79,12
,Grundy,16,12,4
,Guthrie,14,9,5
,Harrison,11,10,1
,Jasper,47,17,30
,Johnson,92,72,20
,Jones,27,11,16
,Linn,195,129,66
,Madison,18,8,10
,Mills,27,12,15
,Polk,525,157,368
,Pottawattamie,201,53,148
,Scott,166,49,117
,Story,89,32,57
,Warren,36,20,16
,Washington,45,17,28
,Woodbury,113,40,73
IOWA-Nonmetropolitan Counties,Adair,13,4,9
,Adams,8,8,0
,Allamakee,21,10,11
,Appanoose,16,8,8
,Buchanan,30,13,17
,Buena Vista,36,14,22
,Butler,18,12,6
,Calhoun,12,7,5
,Cass,12,9,3
,Cedar,39,14,25
,Cerro Gordo,73,20,53
,Cherokee,21,8,13
,Chickasaw,16,10,6
,Clarke,22,7,15
,Clay,25,11,14
,Clayton,29,13,16
,Clinton,47,25,22
,Crawford,21,11,10
,Davis,17,6,11
,Decatur,16,6,10
,Delaware,21,14,7
,Des Moines,26,22,4
,Dickinson,20,9,11
,Emmet,18,9,9
,Fayette,38,12,26
,Floyd,19,11,8
,Franklin,10,7,3
,Fremont,27,10,17
,Greene,18,8,10
,Hamilton,31,11,20
,Hancock,9,8,1
,Hardin,30,11,19
,Howard,17,9,8
,Humboldt,21,8,13
,Ida,16,9,7
,Iowa,29,14,15
,Jackson,19,10,9
,Jefferson,14,12,2
,Keokuk,12,6,6
,Kossuth,25,10,15
,Lee,37,18,19
,Louisa,31,11,20
,Lucas,13,5,8
,Lyon,22,11,11
,Mahaska,26,10,16
,Marion,38,17,21
,Marshall,55,19,36
,Mitchell,20,10,10
,Monona,18,8,10
,Muscatine,81,21,60
,O'Brien,28,9,19
,Osceola,14,9,5
,Page,17,9,8
,Palo Alto,17,8,9
,Plymouth,34,12,22
,Pocahontas,17,7,10
,Poweshiek,13,12,1
,Ringgold,13,6,7
,Sac,22,9,13
,Shelby,10,9,1
,Sioux,41,14,27
,Tama,23,13,10
,Taylor,13,8,5
,Union,13,6,7
,Van Buren,12,6,6
,Wapello,44,13,31
,Wayne,16,8,8
,Webster,36,17,19
,Winnebago,8,7,1
,Winneshiek,26,11,15
,Worth,25,13,12
,Wright,25,10,15
KANSAS-Metropolitan Counties,Douglas,159,77,82
,Geary,105,33,72
,Harvey,25,23,2
,Jackson,43,22,21
,Jefferson,39,23,16
,Johnson,635,475,160
,Leavenworth,97,62,35
,Linn,33,18,15
,Miami,61,32,29
,Pottawatomie,43,30,13
,Riley County Police Department,206,108,98
,Sedgwick,516,177,339
,Shawnee,182,112,70
,Sumner,35,30,5
,Wabaunsee,23,10,13
KANSAS-Nonmetropolitan Counties,Allen,30,12,18
,Bourbon,16,13,3
,Brown,26,9,17
,Chase,10,5,5
,Chautauqua,15,6,9
,Cherokee,51,24,27
,Cheyenne,6,5,1
,Clark,10,5,5
,Clay,13,7,6
,Cloud,9,8,1
,Coffey,41,12,29
,Cowley,27,24,3
,Crawford,36,31,5
,Decatur,3,3,0
,Dickinson,24,21,3
,Edwards,10,6,4
,Elk,10,5,5
,Ellis,34,17,17
,Ellsworth,20,7,13
,Ford,35,26,9
,Franklin,45,30,15
,Gove,5,4,1
,Graham,8,3,5
,Grant,15,5,10
,Gray,18,11,7
,Greeley,8,4,4
,Greenwood,22,13,9
,Hamilton,6,6,0
,Haskell,15,10,5
,Jewell,10,5,5
,Kearny,16,9,7
,Kingman,20,8,12
,Labette,20,18,2
,Lane,10,5,5
,Lincoln,13,8,5
,Logan,5,5,0
,Lyon,30,25,5
,Marion,17,11,6
,Marshall,26,11,15
,McPherson,22,19,3
,Mitchell,9,8,1
,Montgomery,39,25,14
,Morris,12,8,4
,Morton,12,6,6
,Nemaha,18,9,9
,Neosho,30,16,14
,Ness,11,6,5
,Norton,9,5,4
,Osborne,14,7,7
,Ottawa,18,5,13
,Pawnee,12,11,1
,Phillips,14,9,5
,Pratt,17,10,7
,Rawlins,4,3,1
,Republic,15,9,6
,Rice,9,9,0
,Rooks,17,6,11
,Rush,12,7,5
,Russell,11,10,1
,Saline,49,38,11
,Scott,9,5,4
,Seward,37,15,22
,Sheridan,4,4,0
,Sherman,11,5,6
,Smith,6,6,0
,Stanton,11,7,4
,Trego,6,4,2
,Wallace,3,3,0
,Washington,8,8,0
,Wichita,9,4,5
,Woodson,11,7,4
KENTUCKY-Metropolitan Counties,Allen,16,14,2
,Bourbon,12,11,1
,Boyd,46,34,12
,Bracken,6,5,1
,Bullitt,50,35,15
,Butler,10,7,3
,Carter,11,7,4
,Clark,16,12,4
,Daviess,66,35,31
,Edmonson,9,6,3
,Fayette,89,62,27
,Grant,18,16,2
,Greenup,17,14,3
,Hardin,56,40,16
,Henderson,24,19,5
,Jefferson,277,223,54
,Kenton,43,35,8
,Kenton County Police Department,39,37,2
,Larue,7,5,2
,Meade,18,16,2
,Oldham,16,13,3
,Oldham County Police Department,41,38,3
,Pendleton,9,8,1
,Shelby,25,22,3
,Spencer,11,5,6
,Trigg,10,7,3
,Warren,89,50,39
KENTUCKY-Nonmetropolitan Counties,Adair,8,6,2
,Anderson,21,19,2
,Ballard,11,10,1
,Barren,23,18,5
,Bath,3,2,1
,Boyle,15,14,1
,Breathitt,2,2,0
,Breckinridge,15,10,5
,Caldwell,11,8,3
,Calloway,34,25,9
,Carlisle,3,2,1
,Carroll,7,5,2
,Casey,17,10,7
,Clay,16,10,6
,Crittenden,6,5,1
,Cumberland,5,3,2
,Estill,5,3,2
,Fleming,7,6,1
,Floyd,20,10,10
,Franklin,36,33,3
,Fulton,5,4,1
,Garrard,3,2,1
,Garrard County Police Department,8,8,0
,Graves,20,17,3
,Grayson,16,9,7
,Green,4,4,0
,Harlan,21,18,3
,Hart,18,8,10
,Hickman,5,3,2
,Hopkins,40,32,8
,Jackson,9,8,1
,Johnson,10,8,2
,Knott,5,5,0
,Lawrence,13,11,2
,Leslie,8,7,1
,Letcher,9,5,4
,Lewis,8,6,2
,Lincoln,11,8,3
,Livingston,10,9,1
,Logan,26,23,3
,Lyon,10,7,3
,Madison,34,31,3
,Marion,10,7,3
,Marshall,42,31,11
,Martin,4,1,3
,Mason,19,11,8
,McCracken,54,49,5
,Menifee,5,5,0
,Mercer,12,9,3
,Metcalfe,5,4,1
,Monroe,6,5,1
,Montgomery,18,16,2
,Morgan,6,5,1
,Muhlenberg,19,17,2
,Nicholas,3,2,1
,Owen,6,5,1
,Owsley,4,3,1
,Pike,36,23,13
,Powell,5,3,2
,Pulaski,47,39,8
,Robertson,2,1,1
,Rockcastle,8,6,2
,Rowan,16,14,2
,Simpson,18,12,6
,Taylor,15,12,3
,Todd,8,6,2
,Trimble,1,1,0
,Washington,14,8,6
,Wayne,16,14,2
,Webster,16,7,9
,Whitley,19,14,5
LOUISIANA-Metropolitan Counties,Acadia,104,61,43
,Ascension,354,285,69
,Assumption,83,59,24
,Bossier,414,330,84
,Caddo,615,414,201
,Calcasieu,869,591,278
,Cameron,82,71,11
,De Soto,146,101,45
,East Baton Rouge,841,717,124
,East Feliciana,53,53,0
,Iberia,176,112,64
,Iberville,134,77,57
,Lafourche,336,228,108
,Livingston,304,304,0
,Ouachita,392,392,0
,Plaquemines,257,257,0
,Pointe Coupee,103,57,46
,Rapides,474,379,95
,St. Charles,411,233,178
,St. Helena,47,29,18
,St. James,103,59,44
,St. John the Baptist,248,225,23
,St. Martin,191,146,45
,Union,46,28,18
,Vermilion,123,100,23
,West Baton Rouge,198,63,135
,West Feliciana,67,67,0
LOUISIANA-Nonmetropolitan Counties,Allen,103,28,75
,Beauregard,88,68,20
,Bienville,64,40,24
,Catahoula,130,22,108
,Claiborne,70,31,39
,Concordia,293,26,267
,East Carroll,46,17,29
,Evangeline,46,18,28
,Franklin,118,118,0
,Jackson,265,41,224
,La Salle,47,30,17
,Lincoln,77,58,19
,Madison,33,23,10
,Natchitoches,168,90,78
,Red River,70,42,28
,Richland,145,115,30
,Sabine,89,89,0
,St. Landry,204,87,117
,St. Mary,145,145,0
,Tensas,30,19,11
,Vernon,118,64,54
,Washington,75,65,10
,Webster,150,122,28
,West Carroll,17,8,9
,Winn,37,37,0
MAINE-Metropolitan Counties,Androscoggin,24,22,2
,Cumberland,74,62,12
,Penobscot,41,36,5
,Sagadahoc,21,19,2
,York,33,30,3
MAINE-Nonmetropolitan Counties,Aroostook,26,19,7
,Franklin,20,19,1
,Hancock,22,20,2
,Kennebec,27,24,3
,Knox,22,21,1
,Lincoln,25,23,2
,Oxford,26,24,2
,Piscataquis,10,9,1
,Somerset,27,23,4
,Waldo,23,21,2
,Washington,18,16,2
MARYLAND-Metropolitan Counties,Allegany,34,32,2
,Anne Arundel,101,78,23
,Anne Arundel County Police Department,"1,000",773,227
,Baltimore County,83,73,10
,Baltimore County Police Department,"2,102","1,869",233
,Calvert,164,138,26
,Carroll,273,122,151
,Cecil,113,95,18
,Charles,429,288,141
,Frederick,257,186,71
,Harford,389,302,87
,Howard,73,54,19
,Howard County Police Department,682,476,206
,Montgomery,196,160,36
,Montgomery County Police Department,"1,970","1,406",564
,Prince George's County Police Department,"1,790","1,551",239
,Queen Anne's,70,62,8
,Somerset,29,25,4
,St. Mary's,216,145,71
,Washington,246,106,140
,Wicomico,113,92,21
,Worcester,60,52,8
MARYLAND-Nonmetropolitan Counties,Caroline,43,39,4
,Dorchester,44,39,5
,Garrett,54,39,15
,Kent,29,24,5
,Talbot,37,34,3
MICHIGAN-Metropolitan Counties,Bay,82,35,47
,Berrien,153,70,83
,Calhoun,179,85,94
,Cass,69,32,37
,Clinton,61,26,35
,Eaton,118,63,55
,Genesee,247,113,134
,Ingham,156,79,77
,Ionia,17,15,2
,Jackson,131,52,79
,Kalamazoo,211,129,82
,Kent,548,207,341
,Lapeer,80,49,31
,Livingston,135,58,77
,Macomb,545,272,273
,Midland,70,30,40
,Monroe,154,74,80
,Montcalm,42,17,25
,Muskegon,107,46,61
,Oakland,"1,089",912,177
,Ottawa,239,140,99
,Saginaw,116,61,55
,Shiawassee,51,21,30
,St. Clair,184,84,100
,Washtenaw,302,125,177
,Wayne,923,632,291
MICHIGAN-Nonmetropolitan Counties,Alcona,29,11,18
,Alger,18,9,9
,Allegan,103,55,48
,Alpena,28,13,15
,Antrim,51,21,30
,Arenac,26,14,12
,Baraga,13,6,7
,Barry,52,30,22
,Benzie,33,15,18
,Branch,35,14,21
,Charlevoix,30,19,11
,Cheboygan,38,22,16
,Chippewa,34,16,18
,Clare,32,26,6
,Crawford,25,15,10
,Delta,10,10,0
,Dickinson,29,12,17
,Emmet,49,27,22
,Gladwin,42,16,26
,Gogebic,24,16,8
,Grand Traverse,124,69,55
,Gratiot,42,26,16
,Hillsdale,40,22,18
,Houghton,28,19,9
,Huron,36,20,16
,Iosco,22,5,17
,Iron,19,10,9
,Isabella,48,19,29
,Kalkaska,34,16,18
,Keweenaw,6,6,0
,Lake,36,15,21
,Leelanau,21,20,1
,Lenawee,106,42,64
,Luce,6,5,1
,Mackinac,28,12,16
,Manistee,37,17,20
,Marquette,64,24,40
,Mason,40,20,20
,Mecosta,49,20,29
,Menominee,15,15,0
,Missaukee,26,13,13
,Montmorency,13,13,0
,Newaygo,63,27,36
,Oceana,35,21,14
,Ogemaw,34,15,19
,Ontonagon,10,6,4
,Osceola,42,17,25
,Oscoda,17,12,5
,Otsego,28,10,18
,Presque Isle,13,13,0
,Roscommon,41,26,15
,Sanilac,57,27,30
,Schoolcraft,10,3,7
,St. Joseph,60,26,34
,Tuscola,44,20,24
,Van Buren,110,65,45
,Wexford,53,24,29
MINNESOTA-Metropolitan Counties,Anoka,272,133,139
,Benton,70,25,45
,Blue Earth,89,34,55
,Carlton,54,25,29
,Carver,145,71,74
,Chisago,99,44,55
,Clay,95,34,61
,Dakota,197,83,114
,Dodge,38,24,14
,Fillmore,31,20,11
,Hennepin,830,326,504
,Houston,31,13,18
,Isanti,62,23,39
,Lake,30,17,13
,Le Sueur,47,21,26
,Mille Lacs,80,36,44
,Nicollet,42,16,26
,Olmsted,179,72,107
,Polk,52,32,20
,Ramsey,459,248,211
,Scott,140,45,95
,Sherburne,295,81,214
,Stearns,207,71,136
,St. Louis,255,108,147
,Wabasha,49,18,31
,Washington,249,116,133
,Wright,264,146,118
MINNESOTA-Nonmetropolitan Counties,Aitkin,50,18,32
,Becker,61,22,39
,Beltrami,81,28,53
,Big Stone,7,5,2
,Brown,37,12,25
,Cass,74,42,32
,Chippewa,20,10,10
,Clearwater,20,10,10
,Cook,20,12,8
,Cottonwood,21,10,11
,Crow Wing,124,41,83
,Douglas,85,36,49
,Faribault,30,14,16
,Freeborn,79,26,53
,Goodhue,108,41,67
,Grant,15,11,4
,Hubbard,48,19,29
,Itasca,77,33,44
,Jackson,27,14,13
,Kanabec,53,21,32
,Kandiyohi,109,34,75
,Kittson,11,6,5
,Koochiching,20,10,10
,Lac qui Parle,12,7,5
,Lake of the Woods,14,7,7
,Lincoln,13,7,6
,Lyon,53,18,35
,Mahnomen,19,13,6
,Marshall,24,16,8
,Martin,34,14,20
,McLeod,61,25,36
,Meeker,49,20,29
,Morrison,54,20,34
,Mower,77,26,51
,Murray,19,12,7
,Nobles,36,14,22
,Norman,12,7,5
,Otter Tail,84,39,45
,Pennington,35,10,25
,Pine,82,32,50
,Pipestone,25,14,11
,Pope,14,8,6
,Red Lake,11,9,2
,Redwood,30,13,17
,Renville,37,15,22
,Rice,57,31,26
,Rock,17,12,5
,Roseau,17,9,8
,Sibley,29,14,15
,Steele,30,24,6
,Stevens,15,7,8
,Swift,16,9,7
,Todd,35,17,18
,Traverse,14,6,8
,Wadena,22,11,11
,Waseca,28,14,14
,Watonwan,22,8,14
,Wilkin,19,7,12
,Winona,63,21,42
,Yellow Medicine,26,11,15
MISSISSIPPI-Metropolitan Counties,DeSoto,274,134,140
,Hancock,146,72,74
,Harrison,302,118,184
,Hinds,338,80,258
,Lamar,53,46,7
,Madison,85,81,4
,Stone,26,22,4
,Tunica,100,45,55
MISSISSIPPI-Nonmetropolitan Counties,Choctaw,14,8,6
,Claiborne,29,13,16
,George,51,17,34
,Greene,22,7,15
,Kemper,13,11,2
,Lauderdale,127,52,75
,Lincoln,52,24,28
,Lowndes,108,49,59
,Marion,21,15,6
,Panola,83,43,40
,Pontotoc,40,23,17
,Tishomingo,26,12,14
,Warren,42,39,3
,Washington,50,36,14
MISSOURI-Metropolitan Counties,Andrew,17,11,6
,Bates,63,19,44
,Bollinger,17,12,5
,Boone,83,66,17
,Buchanan,106,69,37
,Caldwell,49,10,39
,Callaway,33,30,3
,Cape Girardeau,82,46,36
,Cass,111,90,21
,Christian,93,58,35
,Clay,196,132,64
,Clinton,22,13,9
,Cole,79,49,30
,Cooper,10,9,1
,Dallas,29,15,14
,DeKalb,16,10,6
,Franklin,150,137,13
,Greene,398,141,257
,Howard,8,7,1
,Jackson,135,96,39
,Jasper,124,79,45
,Jefferson,225,155,70
,Lafayette,48,31,17
,Lincoln,95,55,40
,Osage,18,11,7
,Platte,130,99,31
,Polk,40,25,15
,Ray,33,16,17
,St. Charles,49,34,15
,St. Charles County Police Department,180,143,37
,St. Louis County Police Department,"1,231",949,282
,Warren,58,36,22
,Webster,40,19,21
MISSOURI-Nonmetropolitan Counties,Adair,24,9,15
,Atchison,10,5,5
,Audrain,43,28,15
,Barry,23,21,2
,Benton,27,17,10
,Butler,43,30,13
,Camden,93,54,39
,Carroll,9,8,1
,Carter,14,8,6
,Cedar,38,13,25
,Clark,12,5,7
,Crawford,41,25,16
,Dade,14,9,5
,Daviess,7,6,1
,Dent,22,17,5
,Douglas,13,7,6
,Dunklin,24,14,10
,Gasconade,16,15,1
,Gentry,5,5,0
,Grundy,16,6,10
,Harrison,11,4,7
,Henry,39,25,14
,Hickory,13,9,4
,Holt,12,6,6
,Howell,39,27,12
,Iron,16,10,6
,Johnson,62,33,29
,Knox,2,2,0
,Laclede,34,23,11
,Lawrence,37,29,8
,Lewis,13,7,6
,Linn,10,9,1
,Livingston,10,10,0
,Macon,21,11,10
,Madison,10,9,1
,Marion,38,16,22
,McDonald,29,20,9
,Mercer,9,3,6
,Miller,24,23,1
,Mississippi,27,7,20
,Monroe,9,8,1
,Montgomery,20,18,2
,Morgan,69,37,32
,New Madrid,18,16,2
,Nodaway,18,15,3
,Oregon,10,7,3
,Ozark,18,10,8
,Pemiscot,49,21,28
,Perry,34,22,12
,Pettis,28,22,6
,Phelps,74,35,39
,Pike,23,11,12
,Pulaski,40,26,14
,Putnam,4,4,0
,Ralls,13,12,1
,Randolph,40,23,17
,Ripley,13,11,2
,Saline,26,16,10
,Schuyler,9,6,3
,Scotland,7,3,4
,Shannon,8,3,5
,Shelby,8,5,3
,St. Clair,66,19,47
,Ste. Genevieve,74,47,27
,St. Francois,75,61,14
,Stoddard,33,16,17
,Stone,60,50,10
,Sullivan,3,3,0
,Taney,59,42,17
,Texas,12,12,0
,Vernon,46,17,29
,Washington,36,21,15
,Wayne,26,9,17
,Worth,4,3,1
,Wright,14,9,5
MONTANA-Metropolitan Counties,Carbon,18,11,7
,Cascade,140,39,101
,Missoula,72,58,14
,Stillwater,20,11,9
,Yellowstone,182,56,126
MONTANA-Nonmetropolitan Counties,Beaverhead,14,8,6
,Big Horn,33,17,16
,Blaine,13,7,6
,Broadwater,25,10,15
,Butte-Silver Bow,97,52,45
,Carter,5,4,1
,Chouteau,22,9,13
,Custer,18,7,11
,Daniels,6,3,3
,Dawson,39,8,31
,Deer Lodge,21,21,0
,Fallon,5,4,1
,Fergus,20,9,11
,Flathead,109,56,53
,Gallatin,136,55,81
,Garfield,4,3,1
,Glacier,25,12,13
,Golden Valley,2,2,0
,Granite,14,7,7
,Hill,30,13,17
,Jefferson,28,14,14
,Judith Basin,6,5,1
,Lake,45,23,22
,Lewis and Clark,107,48,59
,Liberty,6,6,0
,Lincoln,40,20,20
,Madison,12,11,1
,McCone,4,4,0
,Meagher,9,4,5
,Mineral,12,6,6
,Musselshell,7,7,0
,Park,25,15,10
,Petroleum,2,2,0
,Phillips,10,6,4
,Pondera,13,7,6
,Powder River,8,4,4
,Powell,10,5,5
,Prairie,4,3,1
,Ravalli,74,32,42
,Richland,32,10,22
,Roosevelt,42,15,27
,Rosebud,24,11,13
,Sanders,11,11,0
,Sheridan,10,8,2
,Sweet Grass,13,7,6
,Teton,13,10,3
,Toole,21,13,8
,Treasure,2,2,0
,Valley,19,9,10
,Wheatland,11,5,6
,Wibaux,3,3,0
NEBRASKA-Metropolitan Counties,Cass,41,26,15
,Dakota,19,17,2
,Dixon,14,8,6
,Douglas,210,132,78
,Hall,40,30,10
,Howard,12,5,7
,Lancaster,109,89,20
,Merrick,16,9,7
,Sarpy,220,115,105
,Saunders,25,13,12
,Seward,18,16,2
,Washington,52,31,21
NEBRASKA-Nonmetropolitan Counties,Adams,21,18,3
,Antelope,19,5,14
,Boone,14,5,9
,Box Butte,7,6,1
,Brown,8,5,3
,Buffalo,47,29,18
,Burt,10,5,5
,Butler,21,11,10
,Cedar,7,7,0
,Chase,8,4,4
,Cherry,5,4,1
,Cheyenne,20,10,10
,Clay,11,7,4
,Colfax,18,10,8
,Cuming,6,5,1
,Custer,9,8,1
,Dawes,17,7,10
,Dawson,66,24,42
,Deuel,7,6,1
,Dodge,26,23,3
,Dundy,8,4,4
,Fillmore,14,7,7
,Franklin,8,4,4
,Frontier,9,5,4
,Furnas,12,6,6
,Gage,18,15,3
,Garden,13,5,8
,Garfield,2,2,0
,Gosper,6,5,1
,Grant,2,2,0
,Greeley,3,2,1
,Hamilton,22,9,13
,Harlan,8,4,4
,Hayes,1,1,0
,Hitchcock,8,5,3
,Holt,8,6,2
,Hooker,1,1,0
,Jefferson,27,17,10
,Johnson,13,7,6
,Kearney,11,6,5
,Keith,17,9,8
,Keya Paha,1,1,0
,Kimball,9,4,5
,Knox,14,4,10
,Lincoln,68,24,44
,Logan,1,1,0
,Madison,62,33,29
,Morrill,14,9,5
,Nance,7,6,1
,Nemaha,11,11,0
,Nuckolls,8,3,5
,Otoe,31,16,15
,Pawnee,5,4,1
,Perkins,7,5,2
,Phelps,28,7,21
,Platte,65,22,43
,Red Willow,21,5,16
,Richardson,28,9,19
,Rock,7,3,4
,Saline,18,18,0
,Scotts Bluff,24,17,7
,Sheridan,17,7,10
,Sherman,6,5,1
,Stanton,9,8,1
,Thayer,14,8,6
,Thurston,14,7,7
,Valley,9,4,5
,Wayne,6,6,0
,Webster,10,6,4
,Wheeler,2,2,0
,York,23,12,11
NEVADA-Metropolitan Counties,Carson City,144,100,44
,Storey,29,27,2
NEVADA-Nonmetropolitan Counties,Churchill,46,38,8
,Douglas,124,108,16
,Elko,75,62,13
,Esmeralda,12,8,4
,Humboldt,56,35,21
,Lander,31,16,15
,Lyon,117,82,35
,Mineral,24,18,6
,Nye,147,110,37
,Pershing,20,13,7
NEW HAMPSHIRE-Metropolitan Counties,Rockingham,46,25,21
,Strafford,40,28,12
NEW HAMPSHIRE-Nonmetropolitan Counties,Carroll,27,13,14
,Cheshire,22,9,13
,Grafton,25,10,15
,Merrimack,29,16,13
NEW JERSEY-Metropolitan Counties,Atlantic,131,106,25
,Bergen,581,496,85
,Burlington,88,71,17
,Camden,201,171,30
,Cape May,163,136,27
,Cumberland,63,63,0
,Essex,439,367,72
,Gloucester,105,95,10
,Hudson,409,279,130
,Hunterdon,43,38,5
,Mercer,191,147,44
,Middlesex,233,189,44
,Monmouth,612,435,177
,Morris,121,91,30
,Ocean,278,157,121
,Passaic,677,540,137
,Salem,224,190,34
,Somerset,210,177,33
,Sussex,141,119,22
,Union,260,213,47
,Warren,24,20,4
NEW MEXICO-Nonmetropolitan Counties,Colfax,14,12,2
,Lincoln,37,25,12
,McKinley,43,34,9
,San Miguel,11,8,3
,Sierra,16,14,2
NEW YORK-Metropolitan Counties,Albany,209,146,63
,Broome,59,50,9
,Chemung,48,43,5
,Dutchess,127,105,22
,Herkimer,16,6,10
,Jefferson,58,44,14
,Livingston,75,49,26
,Madison,52,40,12
,Monroe,330,277,53
,Nassau,"3,278","2,357",921
,Niagara,162,109,53
,Oneida,141,102,39
,Onondaga,255,212,43
,Ontario,128,71,57
,Orleans,41,27,14
,Putnam,108,87,21
,Rensselaer,43,37,6
,Schoharie,35,20,15
,Suffolk,395,271,124
,Suffolk County Police Department,"3,052","2,518",534
,Tompkins,44,40,4
,Ulster,83,60,23
,Washington,45,40,5
,Wayne,80,72,8
,Westchester Public Safety,361,293,68
,Yates,30,26,4
NEW YORK-Nonmetropolitan Counties,Cattaraugus,76,50,26
,Cayuga,36,29,7
,Chautauqua,114,71,43
,Chenango,22,22,0
,Clinton,39,26,13
,Columbia,75,59,16
,Cortland,36,33,3
,Delaware,22,18,4
,Essex,17,16,1
,Franklin,7,5,2
,Fulton,32,28,4
,Greene,34,32,2
,Hamilton,8,7,1
,Montgomery,48,27,21
,Otsego,22,20,2
,Schuyler,21,18,3
,Steuben,48,35,13
,St. Lawrence,33,31,2
,Sullivan,57,57,0
,Wyoming,31,31,0
NORTH CAROLINA-Metropolitan Counties,Alamance,296,136,160
,Alexander,81,41,40
,Anson,61,33,28
,Brunswick,302,179,123
,Buncombe,385,234,151
,Burke,125,93,32
,Cabarrus,337,202,135
,Caldwell,92,83,9
,Camden,20,17,3
,Catawba,203,144,59
,Chatham,138,100,38
,Craven,86,79,7
,Cumberland,541,281,260
,Currituck,98,62,36
,Davidson,177,123,54
,Davie,96,60,36
,Durham,459,190,269
,Edgecombe,127,53,74
,Forsyth,561,220,341
,Franklin,120,84,36
,Gaston,216,116,100
,Gaston County Police Department,226,128,98
,Gates,15,14,1
,Granville,114,57,57
,Guilford,572,232,340
,Harnett,254,155,99
,Haywood,126,65,61
,Henderson,231,155,76
,Hoke,122,69,53
,Iredell,258,182,76
,Johnston,193,126,67
,Jones,28,18,10
,Lincoln,175,120,55
,Madison,48,19,29
,Mecklenburg1,"1,083",282,801
,Nash,132,84,48
,New Hanover,547,377,170
,Onslow,267,137,130
,Orange,152,97,55
,Pamlico,49,22,27
,Pender,116,70,46
,Person,88,51,37
,Pitt,307,120,187
,Randolph,244,184,60
,Rockingham,144,96,48
,Rowan,195,124,71
,Stokes,78,52,26
,Union,311,219,92
,Wake,921,368,553
,Wayne,135,128,7
,Yadkin,76,40,36
NORTH CAROLINA-Nonmetropolitan Counties,Alleghany,41,24,17
,Ashe,75,32,43
,Avery,52,28,24
,Beaufort,96,56,40
,Bertie,43,26,17
,Bladen,97,53,44
,Carteret,100,67,33
,Caswell,52,36,16
,Cherokee,74,31,43
,Chowan,28,18,10
,Clay,37,17,20
,Cleveland,182,98,84
,Columbus,123,83,40
,Dare,147,68,79
,Duplin,91,62,29
,Graham,35,18,17
,Greene,30,22,8
,Halifax,102,71,31
,Hertford,56,24,32
,Hyde,15,13,2
,Jackson,79,55,24
,Lee,84,40,44
,Lenoir,106,61,45
,Macon,79,57,22
,Martin,42,38,4
,McDowell,69,50,19
,Mitchell,20,19,1
,Montgomery,57,31,26
,Moore,159,80,79
,Northampton,55,31,24
,Pasquotank,52,46,6
,Perquimans,19,17,2
,Polk,60,33,27
,Richmond,88,57,31
,Robeson,146,131,15
,Rutherford,131,75,56
,Sampson,134,93,41
,Scotland,65,41,24
,Stanly,96,53,43
,Surry,134,83,51
,Swain,48,28,20
,Transylvania,84,58,26
,Tyrrell,14,12,2
,Vance,88,40,48
,Warren,49,33,16
,Washington,18,17,1
,Watauga,82,49,33
,Wilkes,136,76,60
,Wilson,153,92,61
,Yancey,43,23,20
NORTH DAKOTA-Metropolitan Counties,Burleigh,136,52,84
,Cass,167,110,57
,Grand Forks,40,34,6
,Morton,44,36,8
,Oliver,5,4,1
NORTH DAKOTA-Nonmetropolitan Counties,Adams,6,5,1
,Barnes,9,8,1
,Benson,4,4,0
,Billings,6,6,0
,Bottineau,21,11,10
,Bowman,5,4,1
,Burke,7,6,1
,Cavalier,12,6,6
,Dickey,5,4,1
,Divide,7,6,1
,Dunn,18,16,2
,Eddy,6,5,1
,Emmons,6,5,1
,Foster,4,3,1
,Golden Valley,4,3,1
,Grant,5,5,0
,Griggs,2,2,0
,Hettinger,7,6,1
,Kidder,4,3,1
,Lamoure,5,4,1
,Logan,3,3,0
,McHenry,8,8,0
,McIntosh,3,3,0
,McKenzie,44,29,15
,McLean,41,26,15
,Mercer,30,16,14
,Mountrail,22,9,13
,Nelson,6,5,1
,Pembina,20,12,8
,Pierce,38,4,34
,Ramsey,9,8,1
,Ransom,7,5,2
,Renville,7,6,1
,Richland,38,18,20
,Rolette,22,8,14
,Sargent,5,4,1
,Sheridan,3,3,0
,Sioux,1,1,0
,Slope,1,1,0
,Stark,29,24,5
,Steele,3,3,0
,Stutsman,15,13,2
,Towner,7,6,1
,Traill,15,10,5
,Walsh,15,10,5
,Ward,106,45,61
,Wells,5,4,1
,Williams,83,38,45
OHIO-Metropolitan Counties,Allen,147,65,82
,Brown,49,29,20
,Carroll,44,27,17
,Delaware,230,107,123
,Fairfield,150,110,40
,Fulton,23,21,2
,Geauga,117,49,68
,Greene,161,68,93
,Licking,229,96,133
,Madison,43,29,14
,Miami,119,57,62
,Morrow,60,33,27
,Pickaway,83,39,44
,Portage,153,82,71
,Richland,134,52,82
,Stark,262,128,134
,Summit,399,326,73
,Union,67,48,19
,Warren,193,102,91
,Wood,125,56,69
OHIO-Nonmetropolitan Counties,Ashland,87,49,38
,Ashtabula,79,34,45
,Athens,36,31,5
,Champaign,30,26,4
,Clinton,70,35,35
,Fayette,41,23,18
,Guernsey,59,28,31
,Hancock,97,41,56
,Knox,73,49,24
,Marion,59,33,26
,Mercer,67,30,37
,Morgan,17,10,7
,Noble,29,12,17
,Washington,92,49,43
,Wyandot,31,15,16
OKLAHOMA-Metropolitan Counties,Canadian,110,67,43
,Cleveland,230,68,162
,Comanche,41,30,11
,Cotton,14,5,9
,Creek,77,34,43
,Garfield,32,24,8
,Grady,34,22,12
,Lincoln,35,19,16
,Logan,68,38,30
,McClain,40,26,14
,Oklahoma,591,399,192
,Okmulgee,17,15,2
,Osage,75,37,38
,Pawnee,25,11,14
,Rogers,43,38,5
,Sequoyah,46,23,23
,Tulsa,582,221,361
,Wagoner,77,37,40
OKLAHOMA-Nonmetropolitan Counties,Adair,27,6,21
,Alfalfa,12,7,5
,Atoka,17,8,9
,Beaver,13,7,6
,Beckham,41,14,27
,Blaine,20,11,9
,Bryan,18,15,3
,Caddo,35,15,20
,Carter,57,20,37
,Cherokee,29,23,6
,Choctaw,15,6,9
,Cimarron,7,3,4
,Coal,14,10,4
,Craig,31,16,15
,Custer,44,19,25
,Delaware,46,19,27
,Dewey,16,7,9
,Ellis,18,8,10
,Garvin,30,20,10
,Grant,11,6,5
,Greer,6,2,4
,Harmon,4,3,1
,Harper,7,4,3
,Haskell,20,8,12
,Hughes,27,13,14
,Jackson,39,14,25
,Jefferson,13,3,10
,Johnston,25,7,18
,Kay,26,18,8
,Kingfisher,22,11,11
,Kiowa,10,4,6
,Latimer,16,8,8
,Le Flore,21,17,4
,Love,22,12,10
,Major,19,8,11
,Marshall,28,7,21
,Mayes,55,27,28
,McCurtain,26,22,4
,McIntosh,13,12,1
,Murray,13,6,7
,Muskogee,82,27,55
,Noble,21,9,12
,Nowata,17,7,10
,Okfuskee,20,7,13
,Ottawa,26,9,17
,Payne,95,40,55
,Pittsburg,35,23,12
,Pontotoc,18,16,2
,Pottawatomie,30,25,5
,Pushmataha,16,14,2
,Roger Mills,13,8,5
,Seminole,33,14,19
,Stephens,26,22,4
,Texas,30,13,17
,Tillman,3,3,0
,Washington,59,29,30
,Washita,28,6,22
,Woods,8,7,1
,Woodward,35,12,23
OREGON-Metropolitan Counties,Benton,81,67,14
,Clackamas,451,206,245
,Columbia,57,44,13
,Deschutes,253,186,67
,Jackson,148,113,35
,Josephine,85,63,22
,Lane,289,61,228
,Linn,179,79,100
,Marion,318,94,224
,Multnomah,775,131,644
,Polk,36,27,9
,Washington,595,262,333
,Yamhill,85,42,43
OREGON-Nonmetropolitan Counties,Baker,43,31,12
,Clatsop,75,26,49
,Coos,89,60,29
,Crook,32,13,19
,Curry,38,16,22
,Douglas,135,64,71
,Gilliam,7,6,1
,Grant,18,18,0
,Harney,22,17,5
,Hood River,47,20,27
,Jefferson,43,17,26
,Klamath,91,27,64
,Lake,21,20,1
,Lincoln,91,30,61
,Malheur,63,40,23
,Morrow,40,28,12
,Sherman,7,6,1
,Tillamook,53,45,8
,Umatilla,87,25,62
,Union,34,16,18
,Wallowa,13,5,8
,Wasco,31,16,15
,Wheeler,5,4,1
PENNSYLVANIA-Metropolitan Counties,Adams,18,14,4
,Allegheny,196,164,32
,Allegheny County Police Department,237,220,17
,Beaver,24,20,4
,Berks,103,91,12
,Blair,27,25,2
,Bucks,80,65,15
,Butler,31,28,3
,Centre,29,25,4
,Chester,90,72,18
,Erie,48,41,7
,Franklin,41,22,19
,Lancaster,55,48,7
,Lycoming,22,16,6
,Mercer,18,14,4
,Monroe,50,24,26
,Montgomery,125,100,25
,Pike,26,22,4
,Washington,32,29,3
,Westmoreland,63,56,7
,Wyoming,6,4,2
,York,115,105,10
PENNSYLVANIA-Nonmetropolitan Counties,Bedford,11,9,2
,Bradford,12,10,2
,Clarion,11,8,3
,Elk,6,5,1
,Greene,15,8,7
,Indiana,23,20,3
,Jefferson,8,7,1
,Juniata,6,5,1
,Lawrence,23,18,5
,Northumberland,11,9,2
,Schuylkill,19,16,3
,Snyder,7,7,0
,Tioga,10,8,2
,Union,8,7,1
,Wayne,15,12,3
SOUTH CAROLINA-Metropolitan Counties,Aiken,242,132,110
,Anderson,313,169,144
,Beaufort,309,213,96
,Berkeley,184,151,33
,Calhoun,40,25,15
,Charleston,720,287,433
,Chester,102,49,53
,Darlington,72,59,13
,Dorchester,273,147,126
,Fairfield,55,51,4
,Florence,254,215,39
,Greenville,550,451,99
,Horry,81,58,23
,Horry County Police Department,287,266,21
,Kershaw,77,66,11
,Lancaster,140,119,21
,Laurens,108,70,38
,Lexington,439,292,147
,Pickens,179,149,30
,Richland,645,536,109
,Saluda,62,24,38
,Spartanburg,346,317,29
,Sumter,201,107,94
,York,209,174,35
SOUTH CAROLINA-Nonmetropolitan Counties,Abbeville,656,333,323
,Allendale,14,12,2
,Bamberg,14,13,1
,Barnwell,89,34,55
,Cherokee,112,60,52
,Chesterfield,61,52,9
,Georgetown,146,76,70
,Greenwood,144,68,76
,Hampton,46,30,16
,Marion,72,38,34
,McCormick,39,18,21
,Newberry,103,47,56
,Oconee,183,105,78
,Orangeburg,123,80,43
,Union,49,31,18
,Williamsburg,76,35,41
SOUTH DAKOTA-Metropolitan Counties,Lincoln,24,20,4
,McCook,9,8,1
,Meade,50,18,32
,Minnehaha,233,95,138
,Pennington,421,101,320
,Turner,10,8,2
,Union,28,18,10
SOUTH DAKOTA-Nonmetropolitan Counties,Aurora,4,3,1
,Beadle,26,5,21
,Bennett,4,3,1
,Bon Homme,3,3,0
,Brookings,25,15,10
,Brown,62,20,42
,Buffalo,1,1,0
,Butte,16,5,11
,Campbell,2,2,0
,Charles Mix,22,7,15
,Clark,3,3,0
,Clay,15,8,7
,Codington,13,10,3
,Corson,4,4,0
,Custer,13,12,1
,Davison,9,7,2
,Day,9,4,5
,Deuel,6,5,1
,Dewey,3,3,0
,Douglas,4,4,0
,Edmunds,4,4,0
,Fall River,19,7,12
,Faulk,17,5,12
,Grant,9,5,4
,Gregory,5,4,1
,Haakon,2,2,0
,Hamlin,6,6,0
,Hand,4,3,1
,Hanson,3,3,0
,Harding,3,2,1
,Hughes,58,6,52
,Hutchinson,3,3,0
,Hyde,1,1,0
,Jackson,3,2,1
,Jerauld,4,4,0
,Jones,2,2,0
,Kingsbury,6,5,1
,Lake,15,8,7
,Lawrence,40,17,23
,Lyman,5,4,1
,Marshall,11,6,5
,McPherson,4,4,0
,Mellette,4,4,0
,Miner,4,3,1
,Moody,10,6,4
,Oglala Lakota,1,1,0
,Perkins,8,7,1
,Potter,3,2,1
,Roberts,35,6,29
,Sanborn,3,3,0
,Spink,14,9,5
,Stanley,6,5,1
,Sully,3,3,0
,Tripp,3,2,1
,Walworth,13,4,9
,Yankton,35,12,23
,Ziebach,3,3,0
TENNESSEE-Metropolitan Counties,Anderson,174,64,110
,Blount,307,173,134
,Bradley,220,110,110
,Campbell,87,43,44
,Cannon,34,12,22
,Carter,134,72,62
,Cheatham,90,48,42
,Chester,49,16,33
,Crockett,39,16,23
,Dickson,139,63,76
,Fayette,93,45,48
,Gibson,81,31,50
,Grainger,43,26,17
,Hamblen,104,43,61
,Hamilton,400,173,227
,Hartsville/Trousdale,47,23,24
,Hawkins,118,72,46
,Jefferson,103,52,51
,Knox,"1,015",430,585
,Loudon,106,57,49
,Macon,60,32,28
,Madison,282,122,160
,Marion,72,34,38
,Maury,162,82,80
,Montgomery,392,138,254
,Morgan,50,25,25
,Polk,64,27,37
,Roane,79,42,37
,Robertson,166,72,94
,Rutherford,474,239,235
,Sequatchie,49,22,27
,Shelby,"1,850",638,"1,212"
,Smith,57,28,29
,Stewart,55,22,33
,Sullivan,318,148,170
,Sumner,290,116,174
,Tipton,108,63,45
,Unicoi,45,26,19
,Union,60,35,25
,Washington,206,95,111
,Williamson,323,198,125
,Wilson,266,134,132
TENNESSEE-Nonmetropolitan Counties,Bedford,104,52,52
,Benton,60,21,39
,Bledsoe,41,14,27
,Carroll,71,28,43
,Claiborne,85,44,41
,Clay,24,15,9
,Cocke,81,40,41
,Coffee,117,47,70
,Cumberland,114,57,57
,Decatur,31,13,18
,DeKalb,51,27,24
,Dyer,91,38,53
,Fentress,50,21,29
,Franklin,77,44,33
,Giles,71,38,33
,Greene,171,74,97
,Grundy,40,18,22
,Hancock,48,17,31
,Hardeman,70,30,40
,Hardin,53,25,28
,Haywood,47,19,28
,Henderson,68,34,34
,Henry,69,35,34
,Hickman,50,29,21
,Houston,27,10,17
,Humphreys,48,23,25
,Jackson,48,18,30
,Johnson,49,18,31
,Lake,21,8,13
,Lauderdale,59,20,39
,Lawrence,90,49,41
,Lewis,34,16,18
,Lincoln,85,41,44
,Marshall,52,27,25
,McMinn,88,41,47
,McNairy,38,19,19
,Meigs,35,15,20
,Monroe,83,46,37
,Moore,31,17,14
,Obion,69,34,35
,Overton,57,24,33
,Perry,29,16,13
,Pickett,17,12,5
,Putnam,166,81,85
,Rhea,57,55,2
,Scott,57,30,27
,Sevier,212,104,108
,Van Buren,23,7,16
,Warren,112,56,56
,Wayne,50,16,34
,Weakley,43,22,21
,White,85,39,46
TEXAS-Metropolitan Counties,Armstrong,7,3,4
,Atascosa,113,44,69
,Austin,55,42,13
,Bandera,65,29,36
,Bastrop,199,79,120
,Bexar,"1,731",578,"1,153"
,Bowie,45,39,6
,Brazoria,335,139,196
,Brazos,261,103,158
,Burleson,43,18,25
,Caldwell,101,34,67
,Callahan,15,6,9
,Cameron,443,105,338
,Clay,26,16,10
,Collin,513,153,360
,Comal,309,151,158
,Crosby,15,6,9
,Ector,142,91,51
,Ellis,229,83,146
,El Paso,991,261,730
,Fort Bend,786,551,235
,Grayson,182,63,119
,Gregg,256,105,151
,Guadalupe,223,104,119
,Hardin,70,34,36
,Harris,"4,768","2,274","2,494"
,Harrison,108,45,63
,Hays,359,155,204
,Hidalgo,794,282,512
,Hudspeth,42,14,28
,Hunt,140,48,92
,Jefferson,392,104,288
,Johnson,125,86,39
,Jones,35,9,26
,Kaufman,191,77,114
,Liberty,95,71,24
,Lubbock,494,205,289
,Lynn,21,7,14
,McLennan,485,140,345
,Medina,83,42,41
,Montgomery,923,521,402
,Nueces,294,47,247
,Oldham,12,7,5
,Orange,131,61,70
,Parker,131,93,38
,Potter,202,96,106
,Randall,209,91,118
,Robertson,35,15,20
,Rockwall,124,50,74
,Rusk,76,40,36
,Smith,382,170,212
,Sterling,5,5,0
,Tarrant,"1,412",372,"1,040"
,Taylor,230,81,149
,Tom Green,174,50,124
,Travis,"1,728",357,"1,371"
,Victoria,205,110,95
,Webb,319,148,171
,Wichita,187,53,134
,Williamson,566,219,347
,Wilson,82,36,46
TEXAS-Nonmetropolitan Counties,Anderson,70,36,34
,Angelina,110,47,63
,Aransas,69,23,46
,Bailey,27,7,20
,Baylor,9,4,5
,Bee,69,24,45
,Blanco,31,15,16
,Borden,4,3,1
,Bosque,43,19,24
,Brewster,36,19,17
,Briscoe,3,3,0
,Brooks,37,17,20
,Brown,70,32,38
,Burnet,147,53,94
,Calhoun,64,29,35
,Camp,20,9,11
,Cass,50,21,29
,Castro,23,7,16
,Cherokee,77,32,45
,Cochran,18,9,9
,Coke,6,5,1
,Collingsworth,9,9,0
,Colorado,53,23,30
,Cooke,85,35,50
,Cottle,1,1,0
,Crane,16,9,7
,Dallam,6,5,1
,Dawson,21,9,12
,Deaf Smith,40,13,27
,Delta,22,10,12
,DeWitt,52,19,33
,Dickens,7,3,4
,Dimmit,71,32,39
,Donley,10,5,5
,Duval,38,20,18
,Eastland,30,12,18
,Erath,66,24,42
,Fannin,30,20,10
,Fisher,13,4,9
,Floyd,10,7,3
,Foard,5,4,1
,Franklin,27,27,0
,Freestone,36,16,20
,Frio,36,17,19
,Gaines,39,18,21
,Garza,43,9,34
,Gillespie,54,34,20
,Glasscock,5,4,1
,Gonzales,57,21,36
,Gray,43,14,29
,Hale,64,64,0
,Hall,10,4,6
,Hansford,13,7,6
,Hardeman,12,8,4
,Hartley,7,6,1
,Haskell,12,3,9
,Hemphill,17,8,9
,Henderson,164,80,84
,Hill,75,34,41
,Hockley,28,13,15
,Hood,138,50,88
,Hopkins,66,28,38
,Houston,50,21,29
,Howard,61,22,39
,Hutchinson,35,14,21
,Jack,31,15,16
,Jackson,35,15,20
,Jasper,24,20,4
,Jeff Davis,5,4,1
,Karnes,62,31,31
,Kent,5,2,3
,Kerr,111,48,63
,King,2,2,0
,Kinney,14,7,7
,Lamb,28,10,18
,La Salle,129,32,97
,Lavaca,34,15,19
,Lee,40,14,26
,Leon,47,26,21
,Limestone,76,20,56
,Lipscomb,13,6,7
,Madison,31,13,18
,Marion,22,11,11
,Matagorda,75,39,36
,McMullen,13,11,2
,Milam,68,24,44
,Mitchell,18,5,13
,Montague,32,13,19
,Moore,52,20,32
,Morris,24,10,14
,Motley,2,2,0
,Nacogdoches,83,39,44
,Navarro,130,56,74
,Nolan,43,16,27
,Palo Pinto,57,24,33
,Panola,61,35,26
,Polk,106,47,59
,Rains,35,15,20
,Reagan,31,15,16
,Real,11,5,6
,Red River,31,13,18
,Refugio,42,17,25
,Roberts,6,5,1
,Runnels,30,6,24
,Sabine,20,10,10
,San Augustine,20,10,10
,San Jacinto,65,31,34
,Schleicher,12,6,6
,Scurry,41,7,34
,Shelby,37,17,20
,Sherman,13,5,8
,Starr,109,45,64
,Stonewall,9,3,6
,Swisher,11,5,6
,Terry,33,12,21
,Throckmorton,6,2,4
,Titus,59,24,35
,Trinity,17,13,4
,Uvalde,73,32,41
,Val Verde,70,46,24
,Van Zandt,82,40,42
,Walker,72,35,37
,Ward,31,14,17
,Washington,64,33,31
,Wharton,78,44,34
,Wheeler,24,10,14
,Wilbarger,18,7,11
,Willacy,38,16,22
,Winkler,25,25,0
,Wood,72,32,40
,Yoakum,22,10,12
,Young,34,12,22
UTAH-Metropolitan Counties,Box Elder,79,23,56
,Cache,138,45,93
,Davis,291,181,110
,Juab,29,17,12
,Morgan,14,12,2
,Salt Lake County Unified Police Department,483,376,107
,Tooele,114,28,86
,Utah,403,163,240
,Washington,167,40,127
UTAH-Nonmetropolitan Counties,Beaver,70,22,48
,Carbon,48,27,21
,Daggett,5,4,1
,Duchesne,64,27,37
,Emery,40,31,9
,Garfield,30,14,16
,Iron,79,33,46
,Kane,52,21,31
,Millard,56,31,25
,Piute,4,4,0
,Rich,10,4,6
,San Juan,32,12,20
,Sanpete,64,27,37
,Sevier,59,22,37
,Summit,105,62,43
,Uintah,89,27,62
,Wasatch,68,35,33
,Wayne,6,5,1
VERMONT-Metropolitan Counties,Chittenden,17,15,2
,Franklin,17,16,1
,Grand Isle,3,3,0
VERMONT-Nonmetropolitan Counties,Addison,11,9,2
,Bennington,16,13,3
,Caledonia,7,6,1
,Essex,4,4,0
,Lamoille,24,13,11
,Orange,8,6,2
,Orleans,17,15,2
,Rutland,20,15,5
,Washington,10,6,4
,Windham,19,12,7
,Windsor,16,14,2
VIRGINIA-Metropolitan Counties,Albemarle County Police Department,184,146,38
,Amelia,29,18,11
,Amherst,46,40,6
,Appomattox,24,22,2
,Arlington County Police Department,445,344,101
,Augusta,85,74,11
,Bedford,93,85,8
,Botetourt,124,97,27
,Campbell,76,67,9
,Charles City,20,13,7
,Chesterfield County Police Department,623,515,108
,Clarke,30,19,11
,Craig,13,8,5
,Culpeper,102,88,14
,Dinwiddie,44,40,4
,Fairfax County Police Department,"1,728","1,464",264
,Fauquier,171,131,40
,Fluvanna,47,34,13
,Franklin,105,81,24
,Frederick,141,131,10
,Giles,37,26,11
,Gloucester,96,80,16
,Goochland,55,39,16
,Greene,39,25,14
,Hanover,273,254,19
,Henrico County Police Department,826,656,170
,Isle of Wight,59,50,9
,James City County Police Department,110,104,6
,King and Queen,21,13,8
,King William,35,21,14
,Loudoun,681,558,123
,Madison,29,23,6
,Mathews,19,11,8
,Montgomery,119,112,7
,Nelson,28,23,5
,New Kent,46,32,14
,Powhatan,46,41,5
,Prince George County Police Department,76,59,17
,Prince William County Police Department,787,648,139
,Pulaski,53,51,2
,Rappahannock,21,16,5
,Roanoke County Police Department,156,142,14
,Rockingham,82,65,17
,Scott,37,30,7
,Southampton,67,53,14
,Spotsylvania,253,200,53
,Stafford,251,184,67
,Sussex,45,42,3
,Warren,75,59,16
,Washington,93,74,19
,York,82,74,8
VIRGINIA-Nonmetropolitan Counties,Accomack,64,56,8
,Alleghany,71,51,20
,Bath,22,15,7
,Bland,18,12,6
,Brunswick,48,34,14
,Buchanan,48,35,13
,Buckingham,26,19,7
,Caroline,72,50,22
,Carroll,43,38,5
,Charlotte,40,38,2
,Cumberland,22,16,6
,Dickenson,37,26,11
,Essex,16,13,3
,Floyd,37,27,10
,Grayson,34,27,7
,Greensville,36,23,13
,Halifax,40,36,4
,Henry,132,119,13
,Highland,13,8,5
,King George,54,38,16
,Lancaster,41,32,9
,Lee,34,34,0
,Louisa,63,46,17
,Lunenburg,19,13,6
,Mecklenburg,52,50,2
,Middlesex,27,19,8
,Northampton,85,68,17
,Northumberland,35,24,11
,Nottoway,25,14,11
,Orange,43,40,3
,Page,71,55,16
,Patrick,71,54,17
,Pittsylvania,129,111,18
,Prince Edward,33,33,0
,Richmond,21,13,8
,Rockbridge,41,37,4
,Russell,52,36,16
,Shenandoah,68,62,6
,Smyth,51,44,7
,Surry,15,14,1
,Tazewell,74,50,24
,Westmoreland,43,27,16
,Wise,69,53,16
,Wythe,44,35,9
WASHINGTON-Metropolitan Counties,Asotin,31,13,18
,Benton,86,73,13
,Chelan,74,58,16
,Clark,230,141,89
,Cowlitz,66,42,24
,Douglas,37,31,6
,Franklin,81,27,54
,King,270,214,56
,Kitsap,243,122,121
,Pierce,355,290,65
,Skagit,136,56,80
,Skamania,36,33,3
,Snohomish,370,297,73
,Spokane,151,125,26
,Stevens,60,28,32
,Thurston,238,93,145
,Walla Walla,35,28,7
,Whatcom,191,89,102
,Yakima,85,57,28
WASHINGTON-Nonmetropolitan Counties,Adams,34,15,19
,Clallam,45,37,8
,Columbia,9,8,1
,Ferry,23,7,16
,Garfield,15,8,7
,Grant,127,56,71
,Grays Harbor,79,62,17
,Island,72,39,33
,Jefferson,42,22,20
,Kittitas,80,33,47
,Klickitat,40,21,19
,Lewis,109,42,67
,Lincoln,28,15,13
,Mason,92,48,44
,Okanogan,81,30,51
,Pacific,43,15,28
,Pend Oreille,36,15,21
,San Juan,35,20,15
,Wahkiakum,20,9,11
,Whitman,35,17,18
WEST VIRGINIA-Metropolitan Counties,Berkeley,64,57,7
,Boone,22,19,3
,Brooke,17,17,0
,Cabell,49,43,6
,Clay,5,5,0
,Fayette,41,34,7
,Hampshire,23,18,5
,Hancock,35,31,4
,Jackson,24,16,8
,Jefferson,36,30,6
,Kanawha,133,104,29
,Lincoln,7,6,1
,Marshall,35,32,3
,Mineral,19,16,3
,Monongalia,45,41,4
,Morgan,12,11,1
,Ohio,38,36,2
,Preston,24,21,3
,Putnam,68,42,26
,Raleigh,68,53,15
,Wayne,25,22,3
,Wirt,3,3,0
,Wood,61,38,23
WEST VIRGINIA-Nonmetropolitan Counties,Barbour,15,7,8
,Braxton,11,9,2
,Calhoun,6,4,2
,Doddridge,10,9,1
,Gilmer,6,4,2
,Grant,10,10,0
,Greenbrier,38,27,11
,Hardy,12,11,1
,Harrison,57,53,4
,Lewis,14,13,1
,Logan,22,20,2
,Marion,44,29,15
,Mason,26,19,7
,McDowell,15,13,2
,Mercer,41,29,12
,Mingo,18,16,2
,Monroe,12,9,3
,Nicholas,24,21,3
,Pendleton,3,3,0
,Pleasants,7,6,1
,Pocahontas,9,6,3
,Randolph,20,14,6
,Ritchie,12,8,4
,Roane,10,7,3
,Summers,8,7,1
,Taylor,12,6,6
,Tucker,10,8,2
,Tyler,13,11,2
,Upshur,14,12,2
,Webster,6,3,3
,Wetzel,19,13,6
,Wyoming,18,18,0
WISCONSIN-Metropolitan Counties,Brown,468,162,306
,Calumet,55,28,27
,Chippewa,74,44,30
,Columbia,107,43,64
,Dane,571,464,107
,Douglas,73,31,42
,Eau Claire,108,42,66
,Fond du Lac,124,59,65
,Green,55,41,14
,Iowa,38,19,19
,Kenosha,333,121,212
,Kewaunee,36,31,5
,La Crosse,108,40,68
,Lincoln,61,29,32
,Marathon,184,70,114
,Milwaukee,805,330,475
,Oconto,71,32,39
,Outagamie,183,72,111
,Ozaukee,103,78,25
,Pierce,50,36,14
,Racine,261,159,102
,Rock,199,92,107
,Sheboygan,189,71,118
,St. Croix,84,77,7
,Washington,168,76,92
,Waukesha,327,166,161
,Winnebago,199,140,59
WISCONSIN-Nonmetropolitan Counties,Adams,58,28,30
,Ashland,51,24,27
,Barron,73,29,44
,Bayfield,43,20,23
,Buffalo,16,13,3
,Burnett,36,18,18
,Clark,60,28,32
,Crawford,30,23,7
,Dodge,157,59,98
,Door,49,45,4
,Dunn,68,38,30
,Florence,21,12,9
,Forest,43,22,21
,Grant,59,30,29
,Green Lake,44,19,25
,Iron,23,11,12
,Jackson,47,21,26
,Jefferson,116,93,23
,Juneau,98,42,56
,Lafayette,30,28,2
,Langlade,45,18,27
,Manitowoc,99,62,37
,Marinette,77,32,45
,Marquette,21,20,1
,Menominee,16,9,7
,Monroe,56,27,29
,Oneida,86,37,49
,Pepin,19,8,11
,Polk,75,29,46
,Portage,107,51,56
,Price,25,19,6
,Richland,32,17,15
,Rusk,31,28,3
,Sauk,142,47,95
,Sawyer,47,26,21
,Shawano,109,38,71
,Taylor,44,19,25
,Trempealeau,57,27,30
,Vernon,51,22,29
,Vilas,76,39,37
,Walworth,194,82,112
,Washburn,35,17,18
,Waupaca,111,94,17
,Waushara,54,25,29
,Wood,71,41,30
WYOMING-Metropolitan Counties,Laramie,174,51,123
,Natrona,149,109,40
WYOMING-Nonmetropolitan Counties,Albany,47,44,3
,Big Horn,40,15,25
,Campbell,151,56,95
,Carbon,55,17,38
,Converse,44,18,26
,Crook,21,14,7
,Fremont,93,65,28
,Goshen,26,8,18
,Hot Springs,13,5,8
,Johnson,32,29,3
,Lincoln,49,22,27
,Niobrara,15,4,11
,Park,55,45,10
,Platte,37,24,13
,Sheridan,58,20,38
,Sublette,72,55,17
,Sweetwater,86,37,49
,Uinta,49,35,14
,Washakie,8,7,1
,Weston,7,7,0
1 The employee data presented in this table for Mecklenburg represent only Mecklenburg County Sheriff's Office employees and exclude Charlotte-Mecklenburg Police Department employees.,,,,
,,,,
,,,,
